N,E
58637,58133
message,signature,duration
55752,25018,547979
46326,21745,763205
46665,14430,762588
37304,33354,328704
28623,23666,546380
15537,25907,219134
15599,13275,545502
29380,2505,759819
58380,38460,1087669
9704,29591,761922
40877,48559,436955
31856,20235,545003
29053,36186,661625
52766,37249,325151
2677,30414,652718
48609,43323,436182
36465,46816,545131
41532,9839,436057
21,55477,217409
18136,55848,653060
9173,23714,871720
6447,56795,653720
5566,16826,766322
46001,14319,217337
38058,44421,545420
42254,50308,653311
36582,17302,654216
7422,32643,543772
971,27101,327265
4679,37784,434277
11955,35015,653629
30786,34056,650810
12913,14508,651359
51571,38201,544331
1247,49199,654393
25489,48578,539323
33149,54719,436204
19679,47330,217340
21171,24251,765286
18527,12415,873721
43144,29632,543038
52907,42402,874424
56995,479,762245
2204,24126,434197
8850,7275,766514
8992,22933,763192
32623,4514,656167
17432,46942,1195750
31447,52256,873271
17674,54591,871601
12739,7530,870572
23245,39588,654975
37204,17752,327234
15625,3997,545313
20726,29670,546587
21966,40875,545472
16533,8147,435927
15958,5666,545387
50280,44053,655389
20908,608,871665
38352,12613,762589
35899,30254,873796
9839,37883,653296
52269,29928,766069
24089,44355,326520
49368,46110,650553
32415,30023,873216
51253,12474,327295
58493,36222,653300
49006,4920,545771
6701,32449,653869
38326,27827,434704
7101,24808,542811
13890,50700,982176
23979,28812,542265
8645,27126,540946
10660,13263,220199
2842,50190,650867
48244,1984,327822
40111,9742,872621
42384,10114,653659
21748,37344,982027
18758,16016,872267
15339,7187,544970
23931,42244,983761
22221,8845,436999
24568,43052,435601
36209,36244,323420
5753,20862,656030
5000,32066,546711
6203,11370,654851
11827,51939,655450
27400,602,872142
6308,13782,438269
4250,55209,220803
28282,19239,547412
27521,21790,654621
10243,24907,327643
47929,19573,546366
38011,22465,437451
53852,47648,326013
33365,15527,872813
2382,55851,547049
28795,45732,544793
5335,42139,652962
10041,7870,433252
1140,46833,326367
51611,27515,219348
10527,30915,759839
39148,20486,650978
42122,15054,871552
53031,50027,434744
9424,42079,868187
24144,54946,763925
23922,43480,544978
11878,33532,654096
26572,18570,543959
25973,15808,982494
36080,52246,653685
13949,7793,326368
58147,45227,764159
19711,38079,544223
43475,24474,545048
28115,54314,872263
12628,27859,545966
41063,17454,543103
56165,57910,544247
54873,52176,546881
39117,9671,544972
5601,37499,1087706
33544,23855,326039
26906,56973,759408
19062,5660,545367
57141,36868,763050
10057,28528,436527
14406,54672,763805
57144,26798,545946
25988,26267,437674
50237,3419,542705
19619,53457,436518
14258,45061,541206
51922,949,871118
26549,56918,435463
7665,41965,657148
20976,2696,763153
19610,7163,653093
31649,48947,542824
20776,10812,764011
42051,33084,763639
29481,45091,982627
13481,2158,438154
7380,2458,434119
41319,48800,762269
30765,7779,760867
41314,7559,652383
23180,24091,329889
4353,42239,654637
52780,11859,871552
14450,18023,762866
56431,27377,655028
46186,16510,434639
42107,45487,108977
36423,45921,542473
13445,46039,762697
45817,19057,545668
35480,13453,437944
15041,52133,329853
46246,40259,544353
40525,54954,219730
31209,26405,762706
19503,3716,543917
8687,14463,436943
10521,7237,544477
9965,33562,544495
42507,6239,435808
12982,20093,655471
3104,50243,434843
19132,39733,871614
4903,29510,436023
32633,31348,652493
26617,14785,545553
13087,35006,436188
57151,49230,437958
37119,17058,652725
41845,50021,437276
5284,15454,544260
53210,1411,654403
14443,42810,327011
477,1685,543535
23145,12775,546204
11990,37743,434799
13966,56388,327629
41243,51880,437013
52147,40282,433984
49037,12411,873692
51341,45770,543847
49199,456,325087
58153,12068,437098
47803,3162,763900
31825,20226,218583
52923,18506,761987
46604,573,543981
35327,23825,547357
39535,24712,872993
47294,15156,326304
40206,30212,544969
30057,34730,545129
56175,13648,436906
44586,50957,764861
44995,32424,764321
6620,37950,875411
19813,39581,327824
32083,20407,544148
49073,52386,544980
25276,6511,868564
33848,39357,434398
4679,37784,436110
19551,42809,219407
31868,43246,325991
41776,44015,545549
7159,10261,546328
38299,32523,433539
8375,47257,761639
58220,23817,761258
53546,18267,327742
45080,19845,652655
34108,37199,438719
27384,21315,870630
31195,49341,545185
27776,55818,437882
31072,21287,761957
34581,50526,433311
7997,10560,762791
14320,36833,436890
13793,51390,763133
19234,15522,1089020
57948,45084,767351
38405,3577,546138
10129,45993,652757
24354,4395,435992
28768,13396,545212
44468,45018,872053
15356,24113,436692
202,57719,543858
52371,56168,658345
31185,7036,324741
26652,51630,654254
56930,11942,218414
31191,30670,872976
38744,15551,549187
83,19824,656717
12661,20592,652805
12307,26700,764181
48574,4146,437762
34207,23120,547534
49244,50446,650307
50495,40033,768053
5416,20133,437547
51060,51092,546949
25519,45641,652374
33166,46144,326920
21140,4670,545780
18468,54697,978329
3295,45277,764451
42830,47476,215117
53251,4896,545784
42003,13545,434806
34918,32221,760492
29577,56178,763598
51772,15699,547771
54278,7236,657529
18618,48806,653587
8637,23254,661633
14131,57064,436515
24054,28168,762805
26919,23775,655040
11698,53412,654341
55732,19319,435349
17613,46042,329141
43010,10945,656388
17110,38830,544533
57082,43148,545056
38371,46792,652291
88,57240,433481
5016,52720,325489
5447,35770,982687
11050,51212,544296
56081,58090,544926
47210,47123,653451
46465,34922,654242
44941,13594,874416
53153,39692,652753
35214,17158,328194
10967,32604,652446
36257,17244,649984
57705,48939,435885
43291,51448,433303
770,45229,877662
57435,24033,439809
55592,33653,873810
52506,39258,653872
31565,9554,871116
48805,43829,326053
34080,46947,763834
42132,14972,326070
44654,15690,761294
22421,23426,980514
5493,24913,651872
22203,12156,435966
905,57296,435541
7304,41173,437588
4269,28283,652583
35533,38533,652867
52167,1868,543142
30890,2514,328161
20721,42528,871571
8001,39068,438308
34157,12601,437408
34926,18700,326432
55400,17483,327200
50783,7215,545889
12726,26435,437765
38981,52732,655488
1278,55652,543352
15700,46292,651666
56317,28483,652097
39699,36370,761256
6193,6540,761130
23723,21958,433503
31590,46612,764238
9788,58378,546227
37664,6890,435389
37736,33273,654650
54838,36759,435008
28459,47941,325840
41916,46824,656402
31657,3329,544698
5407,11580,544816
33344,50569,326014
16244,31630,547801
30531,10394,544572
47098,35982,657731
30758,38915,872022
17862,11322,652321
37594,15334,544089
53338,1828,655083
40754,55886,653364
20035,29793,435069
32394,16188,326946
20435,58519,436806
21258,54384,764459
38056,19032,328283
24746,24955,762387
12510,15055,1088491
57018,46503,545561
46202,47747,762871
30314,6912,545354
57883,35628,435800
24334,32758,545278
611,43618,653861
48356,3575,435568
52741,32224,656426
50157,22491,436459
26434,45123,435808
35157,42283,325405
52332,27959,325573
3323,40730,870719
44677,56520,435034
49632,52740,652667
36007,31759,218565
32336,17903,655019
15022,35702,327524
29685,3190,655606
46666,51633,547045
5684,15554,762865
2396,44474,761395
44916,35185,436781
42100,4527,762522
6527,1856,874890
54660,40661,547590
48594,24391,438827
21172,15169,545538
52091,21614,875554
39936,34778,763369
9061,45333,543926
39914,21362,438145
13123,6079,544758
50115,47915,764672
50151,47407,983322
41742,30913,436091
44968,20206,547846
50218,1133,545757
47285,33083,654543
13261,16005,544859
33430,38421,543744
615,47893,432504
27125,33470,654761
32264,47546,327324
32077,28040,217713
48072,26032,760475
48867,54133,758319
32571,7943,435509
31522,37578,871338
24019,22033,872029
15065,52376,649980
35603,38106,544384
28526,2880,436381
58104,13724,542810
37218,5521,550299
22153,16381,658105
23239,8309,434776
8183,8207,761468
24040,6020,664934
49344,40041,886140
46389,2143,775727
4203,1911,771155
31247,1813,442755
3691,54880,556500
757,37294,110655
37777,48312,441751
24016,14321,440770
2775,7370,660285
54166,46475,888555
47675,24058,440775
33143,30650,440741
43730,6379,330043
50530,32945,444723
11131,40980,553497
39434,38331,334160
35642,29979,541322
45392,9046,772568
25962,17433,552579
46974,50324,884591
24573,46100,430014
50864,10615,436769
33017,20536,1091080
18100,33413,760908
4553,51529,327047
26300,14979,545403
57192,42171,546721
23808,20613,443543
16332,55392,553451
26638,23337,334029
26138,14978,554511
21183,39910,549436
39714,45701,550442
19729,10347,439897
28218,9737,436703
19788,26693,551982
19662,28995,329232
51479,15179,761914
27719,19249,218326
52791,29422,328092
39718,10212,544497
16821,24902,329157
24044,52934,874638
41839,44223,770841
2597,15756,542461
9821,7392,445936
43403,6220,772828
19140,51351,663135
20565,18241,555420
42895,15719,886595
30163,50029,778864
13002,30317,885537
20488,12371,554483
34433,24363,554561
27320,17523,333944
55432,24591,775908
38801,51355,668157
2685,21429,776958
11248,5261,549425
57983,35671,552514
2305,52597,554564
50120,4140,778767
26460,41985,666131
58434,38291,666167
255,22364,556501
7002,32602,555457
21016,45420,556206
57348,47760,443777
1514,25264,221391
31341,38980,441222
26665,50798,668108
37177,14629,556526
52473,14929,666066
27121,17189,889583
43710,80,776863
9577,36881,888593
5418,9900,444723
47180,38245,665165
46351,14262,663951
14380,49624,889584
2625,33507,780035
17061,14006,445771
55017,57988,556455
52099,2422,334090
36450,46181,557447
56343,646,555046
6882,50195,665135
4413,33237,332135
48528,6633,446692
33392,10750,334028
17120,38041,111635
42770,32713,554466
7653,48013,999324
13550,31096,332928
47916,20683,445820
54171,57135,665071
32592,51354,554732
22798,35933,665224
55363,4948,999564
8927,41252,445775
26457,22591,556513
17591,4863,555428
32785,39331,556463
54876,48825,222810
10999,28151,553417
40905,37477,659677
15580,56193,218829
51322,49520,332942
47935,5768,875112
33957,55379,546281
37850,12802,330273
12989,15281,550495
13433,30655,219113
45181,42720,656914
7205,51273,436809
52345,9969,661714
19741,21470,759838
5435,13781,979230
18423,45105,435878
32149,18441,763540
29700,50199,762682
27209,4613,653068
40208,56219,655533
39840,1029,651422
46437,46371,653584
53085,11579,873953
51967,17967,326895
53936,16741,654242
46701,16810,763141
7880,21119,436734
52668,33224,766061
14438,38644,870432
55473,32048,546295
49202,47130,654075
55264,24125,543800
53888,4294,108502
18120,44749,871398
3461,41299,435263
11170,31271,542371
41393,30346,544643
35751,54986,438284
19996,49349,435999
5139,42966,652987
10764,50120,760366
24901,6035,651562
56824,575,546692
40101,50882,434797
38574,31083,762127
56680,49346,651595
42519,32919,979451
26029,12139,544627
57685,12842,761228
480,48388,870393
23233,9334,653227
8112,38470,547289
47934,8071,978909
40160,39350,540945
50923,54311,544153
4075,52351,328684
14808,27043,328838
52611,32534,544573
16316,54481,546143
39966,26672,653675
9237,57707,653700
40601,27925,545508
13219,22701,542651
319,45745,435557
52361,39364,326808
34403,42445,656299
19679,47330,216688
37391,50030,329856
40781,57938,545978
18344,6735,435080
30620,49413,546305
15022,35702,328794
11947,21710,650095
27600,17606,434915
55549,45453,1089539
39142,10815,545694
49628,16803,437475
13654,39854,656347
54061,2724,545902
6100,40583,543709
51743,19664,438440
401,28738,328337
17339,430,437353
49380,8178,653201
22359,32188,654586
27271,54292,652184
15899,4501,650891
3668,31508,325455
52145,6612,326158
14611,55356,436855
10083,34026,436918
5229,8997,435547
46056,26876,1089934
13544,40476,868743
48665,15881,545910
33763,20949,655829
37741,9071,651815
3544,16901,762514
58619,11069,761595
13284,48068,543698
43616,10010,762194
42760,56196,438040
45119,45342,655808
36586,57809,436999
1218,41658,436499
36341,39684,871183
19620,6006,433558
34854,47888,762027
12301,24163,325421
43629,35190,435897
42595,14061,760522
32641,43163,326848
49651,55084,653772
17162,48920,326079
27958,7278,653680
38865,34900,653800
12970,52516,545678
50782,54095,433983
21620,7463,763869
40285,21031,654818
19820,30117,875064
18534,58015,873392
50126,44760,978756
21395,28313,764521
32373,9166,994445
12079,47667,439319
26023,57996,542151
16817,33922,547014
45320,15577,437090
46908,41127,216756
14022,19408,761583
6126,26879,655582
34528,24564,549120
54355,46470,652405
19657,38030,548614
29220,1101,543462
47340,3271,649551
27944,48433,651801
4218,57088,325070
1454,28335,110061
40302,13753,983845
35125,50718,762389
17891,9455,874483
1715,1165,759339
12464,22074,979258
4124,24319,327344
56322,10844,871255
29779,38375,650836
35831,476,651111
3435,14662,544087
6719,53840,435190
5729,31705,434008
28728,49025,546588
44069,22378,760904
7658,39928,432304
36330,12196,652550
9924,28791,760745
38881,42442,770045
23100,57454,540034
29716,56784,651371
31302,14734,979450
4885,54962,215940
53605,39415,870467
26742,2410,544231
25859,53413,653316
878,14801,764270
3007,37136,655958
19945,30606,434781
8014,32229,764572
42367,20570,544100
43493,29068,541061
36587,48607,873359
33503,32790,764608
26737,44649,979421
53575,58221,875543
19851,7759,435838
5204,53603,323754
56897,50719,544445
21186,35895,541789
54261,16824,328259
26302,20022,872415
22467,41715,868245
24739,44975,655115
40829,34941,873944
10221,6559,546743
15366,48005,984202
33854,25335,542418
33717,2977,549015
37139,53960,655677
51612,58589,437955
58020,31645,655525
7522,26332,436739
45825,46209,654349
20355,38048,763653
28239,13641,654247
19650,20012,653406
4639,6649,651885
54493,22648,546085
34780,47186,433667
36106,21916,435947
32537,41271,546433
9654,43137,653265
12690,23368,435970
54167,19003,432726
23532,44687,547887
56307,48826,871329
18829,57166,437042
31708,5848,870264
22356,14249,544760
43223,23060,437255
51739,31924,650779
47398,18915,543770
13773,46882,545809
12791,49698,655193
19137,45472,762180
47752,55890,656158
1109,32456,657083
2754,4336,109155
33234,3438,654032
41861,41452,978867
50504,57816,434450
24444,30006,765630
33153,43311,545100
4163,28275,761835
32585,37389,761953
11170,31271,544112
24653,18093,544694
24383,24962,1090826
21408,13349,651911
21990,44830,653410
28114,57314,761817
1335,53553,218605
7621,53010,653904
1167,6008,434822
56021,5649,545428
50296,47845,766373
22207,16000,982569
36601,33311,765143
38953,31669,327101
43633,15378,872062
54900,45036,543037
18993,14200,543203
2277,30547,760547
4440,47300,761546
19805,22609,328122
36504,34423,655857
51901,55243,436096
16341,27215,543674
43265,1963,437519
11785,51048,542196
13522,55397,763383
29822,856,545424
57816,17432,544041
12512,52145,327926
7696,1752,543130
25551,49012,434258
33390,5290,652726
21401,21889,873057
24969,9581,872837
32884,34576,328819
49193,2385,654142
32469,26166,541217
45794,49552,873224
33793,25455,874801
29776,2480,324758
21309,56194,325791
56176,32061,543782
27569,58505,543181
13353,53273,328742
39552,13383,546946
28755,52461,325253
16828,30754,873280
55288,28685,763708
42951,25827,655126
55388,7522,768561
15350,18113,327663
8148,50556,869858
39350,24047,764128
23972,31708,437155
18032,33554,436830
48630,27114,654145
49849,48587,543515
21628,12236,870120
48083,43821,437501
22032,9183,325768
25313,34110,434892
55498,19331,655092
33083,28622,435052
5931,52627,1202910
14222,1468,325576
201,57020,542636
55738,15111,982451
35209,44371,873551
55771,7639,544496
39360,29744,873821
53579,32905,653851
47485,67,760510
30887,48932,436546
23058,11927,871913
17582,9079,763132
4186,55220,543643
19118,42220,767007
19829,23626,217124
40352,5495,542796
15091,48250,652071
5247,55087,435114
11963,27536,544170
39984,16294,655117
46169,50127,327473
20047,49992,760831
18854,2519,543551
57349,57982,541841
14648,37316,324902
27731,27420,543645
58499,5263,764495
53695,9317,543648
34659,19040,980377
34778,42381,763416
45033,6610,217841
23874,47558,873872
43446,17416,764487
75,33815,544528
25969,5206,218535
39022,50916,434964
30104,18403,547124
52866,54233,545105
16556,51083,653734
53536,8246,327281
26403,35920,545044
1219,36264,434510
35906,1792,545079
43878,43006,870594
46975,19827,328061
32634,31879,654574
24459,37664,763114
49576,13304,873192
47000,5487,1200712
9054,51476,329214
55721,41682,1090175
22513,39974,651623
23679,14677,543033
47070,49917,654987
47051,35012,868172
22850,36895,763131
49816,11211,544737
25710,45068,871792
43444,13399,436153
34861,45893,546356
1637,19712,652030
36212,9994,870991
2895,47947,546453
10654,1194,760060
44301,29759,326901
23378,7114,543302
39269,27025,760594
24704,3688,653568
35493,30614,761901
57065,3759,216996
17685,11140,435975
2774,38863,544520
4278,15518,437489
32013,53663,652482
13052,34588,763574
9931,3819,542359
39664,9342,757307
29152,36176,873612
14215,39583,765511
37986,148,327069
24729,7719,763166
52569,57743,546866
21434,31658,653236
15134,45470,763835
1531,48941,327413
40766,22307,435703
3645,1507,654399
27700,13400,653731
47685,10064,652729
5094,96,434702
21107,4586,436585
28481,12388,760431
36729,21532,437001
11752,29144,653213
31639,17175,545298
31742,34296,764635
14397,3076,872355
54836,23390,764991
46833,47629,327795
27553,12906,873266
8044,33971,544717
2761,35555,873394
15293,37508,654538
29609,11823,765374
39922,17808,544752
8960,33409,760793
644,23225,763692
10795,18198,108745
56235,55054,652450
36337,11010,444284
39819,46323,552711
13633,211,433085
44400,4524,984710
39918,17571,656459
34053,25367,651651
10558,57597,221658
19145,53683,556132
56555,38097,333222
50781,9223,668613
49934,54204,445702
38585,38818,1002312
3703,35077,667130
54779,3750,223364
42571,19891,669174
42188,1867,668150
49983,32923,890214
49477,51047,335057
29932,991,444295
17284,52141,444752
47719,40642,664111
50058,32831,554188
15185,44537,761508
10210,24095,661297
56761,22516,762648
7336,1848,543172
13844,55528,662595
49064,16001,665525
40776,50168,667041
12926,37755,997527
7683,25860,666860
56747,53674,885749
9990,37355,667655
46649,37639,665169
18974,38641,557494
43763,23069,890584
15473,52834,779805
7401,16225,779798
56819,30507,443806
46580,44354,445676
20278,9937,1110896
53186,35657,555455
10021,2327,333421
43360,236,669162
47689,53948,1113965
34194,52746,445784
16585,56722,552492
4921,47547,1001614
16105,51675,554436
30268,29875,222349
2171,2642,443758
30480,9225,221319
34227,16687,330267
50630,44325,778765
34877,12368,777861
5063,55774,669148
27593,8057,556130
8409,49308,445875
25848,53766,668095
54842,45785,333016
30360,23378,443051
46305,1488,665150
35823,43450,778289
26879,32692,1003214
19359,54322,445811
15455,30390,557556
49017,56759,667187
26949,33434,891556
13199,46607,666187
37508,7469,446776
29934,12118,665774
37080,43258,335082
53967,50551,779852
15643,10608,667536
54347,14194,557456
51651,8641,223393
8801,16821,667173
9508,27361,1000319
49412,21061,554434
29240,43946,556747
40825,29305,222309
27262,46839,331087
30715,25296,556470
57183,30302,776450
54029,37478,554513
24270,11341,557420
16477,45032,666177
